import geometry.IntPoint;

public class Environment {
	
	
	public static double distances[][] = {
			{0.0,  2.0,  6.5,  6.2,  4.7,  3.1,  1.6,  5.7,  4.7,  3.2,  5.5,  6.7,  4.4,  2.1,  5.6,  2.3,  1.4,  2.0,  7.8,  7.8,  5.9,  6.7},  
			{2.0,  0.0,  6.2,  6.5,  6.5,  4.2,  3.0,  7.6,  6.7,  5.1,  7.5,  8.5,  4.8,  3.7,  7.5,  3.1,  1.4,  4.0,  9.2,  9.2,  6.4,  8.4},  
			{6.5,  6.2,  0.0,  2.0,  7.2,  4.2,  5.5,  9.9,  9.9,  6.9,  8.9, 12.7, 10.8,  8.5, 10.8,  8.6,  7.1,  7.5, 13.9, 14.1, 12.3, 12.7},  
			{6.2,  6.5,  2.0,  0.0,  5.6,  3.2,  4.8,  8.5,  8.7,  5.6,  7.3, 11.6, 10.4,  7.9,  9.5,  8.3,  7.1,  6.6, 12.9, 13.3, 12.1, 11.7},  
			{4.7,  6.5,  7.2,  5.6,  0.0,  3.5,  3.5,  3.0,  3.6,  1.5,  1.7,  6.6,  7.0,  4.8,  4.1,  5.8,  6.0,  3.2,  7.8,  8.5,  8.7,  6.7},  
			{3.1,  4.2,  4.2,  3.2,  3.5,  0.0,  1.8,  5.9,  5.8,  2.6,  5.0,  8.5,  7.2,  4.7,  6.6,  5.3,  4.3,  3.5,  9.7, 10.1,  9.0,  8.6},  
			{1.6,  3.0,  5.5,  4.8,  3.5,  1.8,  0.0,  5.2,  4.6,  2.0,  4.6,  7.2,  5.6,  3.1,  5.5,  3.5,  3.0,  2.0,  8.3,  8.5,  7.2,  7.1},  
			{5.7,  7.6,  9.9,  8.5,  3.0,  5.9,  5.2,  0.0,  1.5,  3.2,  1.5,  3.9,  5.8,  4.5,  1.4,  5.6,  6.7,  3.8,  5.2,  5.9,  7.2,  4.2},  
			{4.7,  6.7,  9.9,  8.7,  3.6,  5.8,  4.6,  1.5,  0.0,  3.0,  2.7,  3.0,  4.2,  3.2,  1.0,  4.3,  5.5,  2.8,  4.2,  4.8,  5.7,  3.1},  
			{3.2,  5.1,  6.9,  5.6,  1.5,  2.6,  2.0,  3.2,  3.0,  0.0,  2.5,  6.0,  5.6,  3.3,  3.8,  4.3,  4.5,  1.7,  7.2,  7.7,  7.3,  6.1},  
			{5.5,  7.5,  8.9,  7.3,  1.7,  5.0,  4.6,  1.5,  2.7,  2.5,  0.0,  5.4,  6.7,  5.0,  2.9,  6.1,  6.7,  3.7,  6.7,  7.4,  8.7,  5.8},  
			{6.7,  8.5, 12.7, 11.6,  6.6,  8.5,  7.2,  3.9,  3.0,  6.0,  5.4,  0.0,  4.1,  4.7,  2.5,  5.5,  7.2,  5.3,  1.2,  2.1,  4.8,  0.6},  
			{4.4,  4.8, 10.8, 10.4,  7.0,  7.2,  5.6,  5.8,  4.2,  5.6,  6.7,  4.1,  0.0,  2.5,  4.7,  2.3,  4.0,  3.9,  4.4,  4.0,  1.7,  3.6},  
			{2.1,  3.7,  8.5,  7.9,  4.8,  4.7,  3.1,  4.5,  3.2,  3.3,  5.0,  4.7,  2.5,  0.0,  4.1,  1.1,  2.4,  1.4,  5.7,  5.7,  4.2,  4.6},  
			{5.6,  7.5, 10.8,  9.5,  4.1,  6.6,  5.5,  1.4,  1.0,  3.8,  2.9,  2.5,  4.7,  4.1,  0.0,  5.1,  6.4,  3.8,  3.8,  4.5,  6.2,  2.9},  
			{2.3,  3.1,  8.6,  8.3,  5.8,  5.3,  3.5,  5.6,  4.3,  4.3,  6.1,  5.5,  2.3,  1.1,  5.1,  0.0,  2.0,  2.5,  6.2,  6.1,  3.8,  5.2},  
			{1.4,  1.4,  7.1,  7.1,  6.0,  4.3,  3.0,  6.7,  5.5,  4.5,  6.7,  7.2,  4.0,  2.4,  6.4,  2.0,  0.0,  3.0,  8.0,  7.9,  5.4,  7.0},  
			{2.0,  4.0,  7.5,  6.6,  3.2,  3.5,  2.0,  3.8,  2.8,  1.7,  3.7,  5.3,  3.9,  1.4,  3.8,  2.5,  3.0,  0.0,  6.5,  6.5,  5.8,  5.2},  
			{7.8,  9.2, 13.9, 12.9,  7.8,  9.7,  8.3,  5.2,  4.2,  7.2,  6.7,  1.2,  4.4,  5.7,  3.8,  6.2,  8.0,  6.5,  0.0,  1.1,  4.9,  1.2},  
			{7.8,  9.2, 14.1, 13.3,  8.5, 10.1,  8.5,  5.9,  4.8,  7.7,  7.4,  2.1,  4.0,  5.7,  4.5,  6.1,  7.9,  6.5,  1.1,  0.0,  4.1,  1.8},  
			{5.9,  6.4, 12.3, 12.1,  8.7,  9.0,  7.2,  7.2,  5.7,  7.3,  8.7,  4.8,  1.7,  4.2,  6.2,  3.8,  5.4,  5.8,  4.9,  4.1,  0.0,  4.5},  
			{6.7,  8.4, 12.7, 11.7,  6.7,  8.6,  7.1,  4.2,  3.1,  6.1,  5.8,  0.6,  3.6,  4.6,  2.9,  5.2,  7.0,  5.2,  1.2,  1.8,  4.5,  0.0}  
		}; 
	public static int visibility[][] = {
			{0,1,0,1,1,1,1,0,0,1,0,0,0,0,0,0,1,1,0,0,0,0},			
			{1,0,1,0,0,0,0,0,0,0,0,0,1,0,0,0,1,1,0,0,1,0},
			{0,1,0,1,0,0,0,0,0,0,0,0,0,0,0,0,0,0,0,0,0,0},
			{1,0,1,0,1,1,1,0,0,0,1,0,0,0,0,0,0,0,0,0,0,0},
			{1,0,0,1,0,1,1,0,0,1,1,0,0,0,0,0,1,0,0,0,0,0},
			{1,0,0,1,1,0,1,0,0,0,0,0,0,0,0,0,0,0,0,0,0,0},
			{1,0,0,1,1,1,0,0,1,1,1,0,0,0,0,0,0,1,0,0,0,0},	
			{0,0,0,0,0,0,0,0,1,0,1,1,0,0,1,0,0,0,1,0,0,0},
			{0,0,0,0,0,0,1,1,0,1,0,0,0,1,1,0,0,1,0,0,0,0},
			{1,0,0,0,1,0,1,0,1,0,1,0,0,0,0,0,1,1,0,0,0,0},
			{0,0,0,1,1,0,1,1,0,1,0,0,0,0,0,0,0,0,0,0,0,0},
			{0,0,0,0,0,0,0,1,0,0,0,0,1,0,1,0,0,0,1,0,1,1},
			{0,1,0,0,0,0,0,0,0,0,0,1,0,1,0,1,1,0,0,0,1,1},
			{0,0,0,0,0,0,0,0,1,0,0,0,1,0,1,1,0,1,0,0,1,0},
			{0,0,0,0,0,0,0,1,1,0,0,1,0,1,0,0,0,0,1,0,0,0},
			{0,0,0,0,0,0,0,0,0,0,0,0,1,1,0,0,1,1,0,0,1,0},
			{1,1,0,0,1,0,0,0,0,1,0,0,1,0,0,1,0,1,0,0,1,0},
			{1,1,0,0,0,0,1,0,1,1,0,0,0,1,0,1,1,0,0,0,0,0},
			{0,0,0,0,0,0,0,1,0,0,0,1,0,0,1,0,0,0,0,1,0,1},
			{0,0,0,0,0,0,0,0,0,0,0,0,0,0,0,0,0,0,1,0,1,0},
			{0,1,0,0,0,0,0,0,0,0,0,1,1,1,0,1,1,0,0,1,0,1},
			{0,0,0,0,0,0,0,0,0,0,0,1,1,0,0,0,0,0,1,0,1,0}
		};
	
	public static int queued[] = {0,0,0,0,0,0,0,0,0,0,0,0,0,0,0,0,0,0,0,0,0,0};
	
	public static double getDistance(char state1, char state2){
		int i1 = (int)(state1 - 'a');
		int i2 = (int)(state2 - 'a');
		return distances[i1][i2];
	}
	
	public static final IntPoint[] coordinates = {
			new IntPoint(375, 190), new IntPoint(375, 100), new IntPoint(100, 100), new IntPoint(100, 190),
			new IntPoint(287, 375), new IntPoint(250, 225), new IntPoint(325, 225), new IntPoint(385, 440),
			new IntPoint(425, 385), new IntPoint(330, 325), new IntPoint(330, 430), new IntPoint(550, 430),
			new IntPoint(550, 250), new IntPoint(450, 250), new IntPoint(450, 430), new IntPoint(485, 200), 
			new IntPoint(400, 150), new IntPoint(380, 280), new IntPoint(601, 435), new IntPoint(650, 400),
			new IntPoint(625, 225), new IntPoint(575, 405) 
	};
	
	
}
